(n, p_thin, erdos_c, gamma, rho, sigma, alpha) score
mse_thinned: (50, 0.2, 4, 2, 5, 0.14, 0.01), 695.2905231879548
mse_connected: (50, 0.2, 3, 1, 5, 0.14, 0.01), 222.38772184992658
vpt_thinned: (50, 0.2, 3, 1, 1, 0.01, 0.01), 0.0
vpt_connected: (50, 0.2, 3, 1, 1, 0.01, 0.01), 0.0
